[ 3247.503367] [Project1] 2827 588157855.396912913 588157856.200011993
[ 3249.219664] [Project1] 2828 588157857.068214959 588157857.916291857
[ 3250.884476] [Project1] 2829 588157858.748781032 588157859.581115314
[ 3252.519379] [Project1] 2830 588157860.427207679 588157861.216014736
[ 3254.205840] [Project1] 2831 588157862.045762011 588157862.902472831
[ 3255.888768] [Project1] 2832 588157863.751675233 588157864.585397669
[ 3257.520814] [Project1] 2833 588157865.424445573 588157866.217440963
[ 3259.223956] [Project1] 2834 588157867.078831752 588157867.920579914
[ 3260.980555] [Project1] 2835 588157868.815364842 588157869.677175970
[ 3262.797606] [Project1] 2836 588157870.576381190 588157871.494222827
